[27594.232426] [Project1] 7161 1588131748.322576529 1588131749.144013933
[27596.007399] [Project1] 7162 1588131750.001001720 1588131750.918960762
[27597.749211] [Project1] 7163 1588131751.734563402 1588131752.660747320
[27599.539235] [Project1] 7164 1588131753.503730299 1588131754.450744952
[27601.304747] [Project1] 7165 1588131755.301558876 1588131756.216231729
[27603.067330] [Project1] 7166 1588131757.065592022 1588131757.978788576
[27604.791689] [Project1] 7167 1588131758.830656042 1588131759.703122578
[27606.566018] [Project1] 7168 1588131760.581960054 1588131761.477425588
[27608.245558] [Project1] 7169 1588131762.305231129 1588131763.156941348
[27609.986165] [Project1] 7170 1588131764.007813006 1588131764.897522618
