[ 8642.117652] [Project1] 3064 1587723431.539296818 1587723432.614054508
[ 8644.240039] [Project1] 3065 1587723433.624547373 1587723434.736436370
[ 8646.279392] [Project1] 3066 1587723435.700973574 1587723436.775790936
[ 8648.439986] [Project1] 3067 1587723437.822401241 1587723438.936382749
[ 8650.645576] [Project1] 3068 1587723439.988865872 1587723441.141975093
[ 8652.775398] [Project1] 3069 1587723442.152674580 1587723443.271796454
[ 8654.988699] [Project1] 3070 1587723444.363846020 1587723445.485099122
[ 8657.143303] [Project1] 3071 1587723446.506495924 1587723447.639700947
[ 8659.239325] [Project1] 3072 1587723448.601445147 1587723449.735724255
[ 8661.371244] [Project1] 3073 1587723450.734962336 1587723451.867642365
